327.0000001
326.9999999
327
326.9999999
326.9999999
327
327
327
327.0000001
327
326.9999999
326.9999999
326.9999999
327
327.0000002
327.0000001
327
327
327.0000001
327
327.0000002
327.0000001
327.0000001
327.0000001
327.0000001
326.9999999
327.0000001
327.0000001
327
327
327.0000002
327
327.0000002
327.0000002
326.9999999
327.0000001
327
327.0000001
326.9999998
327.0000001
327.0000001
326.9999999
327
327.0000001
327
327.0000001
327
326.9999999
326.9999957
326.9999616
326.9999615
326.9999662
326.9999719
326.9999757
326.9999814
326.999987
326.9999882
326.9999882
326.9999882
326.9999908
326.9999951
326.9999986
327.0000024
327.0000057
327.0000082
327.0000106
327.0000124
327.0000142
327.000015
327.0000849
327.0001001
327.0000966
327.0000896
327.000083
327.0000764
327.0000671
327.0000584
327.0000468
327.0000337
327.0000195
327.0000075
326.9999923
326.9999776
326.9999659
326.9999551
326.9999438
326.999936
326.9999314
328.8210973
329.1816894
329.6209159
330.0397212
330.3613496
330.7142661
330.9822575
331.2283066
331.4968719
331.7004119
331.9226718
332.0911159
332.2750632
332.4146347
332.5428448
332.6830488
332.8098017
332.9243871
333.0114963
333.1069144
333.1794487
333.2588868
333.3193212
333.385529
333.4358897
333.4822433
333.5330261
333.5716378
333.6205728
333.6581898
333.6867846
333.7180795
333.7418538
333.7637073
333.7837909
333.8057525
333.8224177
333.8377219
333.8544399
333.8671184
333.8787522
333.891454
333.9010738
333.9098934
333.9195072
333.9267813
333.9334537
333.9407146
333.9462006
333.9512244
333.9566851
333.9608088
333.9652893
333.9686681
333.9717525
333.9745661
333.9776177
333.9799127
333.982397
333.9842635
333.9859608
333.987794
333.9891718
333.9904221
333.9915519
333.9925694
333.9936647
333.9944826
333.9952203
333.9958851
333.9965984
333.9971244
333.9975958
333.9980181
333.9984695
333.9987976
333.9990891
333.9993476
333.9995762
333.999813
333.9999852
334.0001355
334.0002661
334.0003787
334.0004754
334.0005577
334.0006393
334.0006947
334.00074
334.0007761
334.0008041
334.0008277
334.000841
334.000849
334.0008515
334.0008499
334.0008447
334.0008362
334.0008249
334.0008113
334.0007955
334.0007778
334.0007588
334.0007387
334.0007174
334.0006957
334.0006733
334.0006505
332.1607361
331.8053534
331.5157633
331.1600642
330.8261172
330.5166006
330.231149
329.9685776
329.7273627
329.505892
329.3026328
329.1159204
328.9444746
328.7869832
328.6422546
328.5092063
328.3868563
328.2743129
328.1707664
328.0754812
328.0047475
327.9226858
327.067946
326.8426446
326.6199214
326.4068816
326.2092072
326.0270227
325.8595946
325.7059122
325.5649146
325.435597
325.3169162
325.208038
325.1274168
325.0341266
324.9484858
324.8698524
324.7976409
324.744154
324.682193
324.625272
324.5729918
324.5249831
324.4808811
324.4404297
324.4031989
324.3690374
324.3437213
324.3144651
324.2875933
324.2629542
324.2403299
324.2195563
324.2005688
324.1831202
324.1671467
324.1552966
324.1416519
324.1291361
324.1199017
324.1092435
324.0994587
324.0905467
324.0823628
324.0748831
324.0693326
324.0629688
324.057166
324.0518486
324.0469927
324.0434278
324.039317
324.0355366
324.0327692
324.0295871
324.0266859
324.0246014
324.0220956
324.0198693
324.0178362
324.016343
324.0146658
326.7373436
327.1955363
327.5022877
327.9682373
328.4397403
328.8883076
329.3061617
329.691835
329.9777606
330.3085144
330.6116277
330.8893071
331.0946028
331.3318056
331.5071134
331.7098681
331.8598845
332.0333945
332.192578
332.3104745
332.446932
332.5479879
332.6650697
332.772638
332.8714864
332.944792
333.0297196
333.1077938
333.1795742
333.2455732
333.2945165
333.3512643
333.4034467
333.4421558
333.4870269
333.5282888
333.5589021
333.5943817
333.6206908
333.6511989
333.6738326
333.7000641
333.7241842
333.7420716
333.7628105
333.7781939
333.7960252
333.8124214
333.8274978
333.835954
333.8491366
333.8612589
333.8702519
333.8806753
333.8865221
333.892082
333.8938758
333.8990748
333.9056124
333.9117271
333.9174459
333.924078
333.9289903
333.9335901
333.9389217
333.9438249
333.9474622
333.9516795
333.954808
333.9584352
333.9611262
333.9636428
333.9665605
333.9681975
333.9702561
333.972643
333.9744138
333.9764669
333.9779901
333.9797563
333.9810661
333.9825854
333.9837154
333.9847747
333.9859989
333.9869052
333.9877486
333.9887334
333.9894576
333.9901452
333.9909352
333.9915214
333.992201
333.9927108
333.9931762
333.9936145
333.9941265
333.9945098
333.9949501
333.9952769
333.9956554
333.9959395
332.3999487
332.0165734
331.7663976
331.4897942
331.1440673
330.8782195
330.5649274
330.3306811
330.1111237
329.8566089
329.714043
329.4922954
329.2890053
328.4905097
328.0915443
327.7460745
327.5792075
327.3863411
327.1778505
327.0295186
326.8297062
326.6801424
326.5698183
326.4180768
326.3252241
326.2384458
326.1379395
326.0634549
325.9771366
325.913142
325.8390222
325.7840917
325.7327532
325.6732875
325.6292012
325.5880298
325.5495357
325.5049535
325.4719133
325.4336322
325.4052553
325.3787282
325.3539536
325.3307856
325.3039506
325.2840606
325.2654673
325.2480847
325.2279524
325.2130336
325.1990813
325.1829207
325.1709429
325.1570633
325.146774
325.1371549
325.1281721
325.117761
325.1100414
325.1028309
325.0960903
325.0882824
325.0824927
325.0757884
325.0708216
325.066176
325.0618377
325.0568107
325.0530847
325.0496014
325.0455683
325.0425813
325.0397869
325.0365516
325.0341546
325.0319139
325.0293187
325.0273941
325.0255984
325.0239181
325.0219732
325.0205324
325.0188628
325.0176252
325.0164657
325.0153832
325.0141296
325.013202
325.0123405
325.0113357
325.0105907
325.0098884
325.0092505
325.0086481
325.0080775
325.0076701
325.0071756
325.0067082
325.0061636
325.0057572
325.0054667
325.0052039
325.0048608
325.0045423
325.0042408
325.003968
325.0037095
325.0034651
325.0032382
325.003023
325.0028289
325.0026447
325.0024302
325.0022701
325.0021213
325.0019801
325.0018535
325.0017326
325.0016185
325.0015124
325.0014114
325.0013214
325.0012352
325.0011538
325.0010781
325.001006
325.000942
325.0008952
325.0008364
325.0007683
325.0007308
325.0006829
325.0006275
325.0005862
325.0005558
325.0005209
325.0004865
325.0004548
325.0004248
325.0003957
325.0003712
325.0003526
325.0003293
325.0003066
325.000288
325.0002689
325.0002513
325.0002346
325.0002234
325.0002083
326.8414691
327.5072827
327.8144105
328.0290551
328.1942078
328.3312024
328.4787248
328.5839497
328.6571934
328.7484514
328.8534088
328.9309349
329.0031483
329.0704489
329.133168
329.1916274
329.246127
329.2968374
329.3441385
329.3986746
329.4390008
329.47656
329.5115483
329.5441394
329.5745774
329.6028921
329.6356987
329.6599151
329.6825256
329.7087139
329.7280334
329.7461194
329.762946
329.7786902
329.7934075
329.810352
329.8229514
329.834701
329.8456625
329.8559037
329.8654778
329.8744061
329.8827422
329.8923884
329.8995383
329.9062055
329.9124356
329.9182487
329.923678
329.9287488
329.9334784
329.937898
329.9420216
329.9458727
329.9494695
329.9528237
329.9559582
329.9588825
329.9616137
329.9641649
329.966543
329.9687662
329.9708396
329.97324
330.0312935
330.2086922
330.2479345
330.2948564
330.3412806
330.3853883
330.4268002
330.4655288
330.5016415
330.5352962
330.5666358
330.5958152
330.6229834
330.6421237
330.6661048
330.6937817
330.7142291
330.7332759
330.7510375
330.7675916
330.7830318
330.7974373
330.8108677
330.8203518
330.8322559
330.84337
330.8537367
330.8657378
330.8724602
330.880902
330.8887877
330.8961452
330.9030219
330.9094405
330.9154368
330.9210393
330.9275213
330.9323202
330.9368055
330.9409922
330.9449034
330.9485572
330.9519653
330.9543743
330.9573996
330.9602261
330.9634952
330.9653253
330.9676245
330.9697732
330.9708033
330.9708033
330.9708033
330.3872371
330.2188983
330.1646288
330.1646288
330.1879474
330.2244285
330.2668085
330.3325316
330.343294
330.385206
330.4248631
330.4621212
330.4621212
330.5215198
330.5523164
330.5523164
330.6013528
330.6206184
330.6448468
330.6674665
329.6450634
329.4982273
329.3870038
329.1980423
329.0536319
328.9506271
328.8207159
328.6992633
328.5859481
328.4802088
328.3816806
328.2898937
328.2043727
328.1246954
328.0504361
327.9812012
327.9166729
328.4543741
328.9637839
329.1798294
329.2737469
329.3083485
329.3141494
329.3063895
329.2963524
329.2806834
329.2642994
329.2481722
329.2327538
329.2217806
329.2079361
329.1949511
329.1827686
329.1741598
329.163298
329.1530867
329.1434765
329.1344663
329.1280461
329.1199301
329.1122854
329.1051093
329.0983456
329.0919943
329.0874765
329.0817837
329.0764328
329.0714161
329.0667106
329.062301
329.0581731
329.0543085
329.0515746
329.0481375
329.0449241
329.0419226
329.0398017
329.0371394
329.0346526
329.0323331
329.0301679
329.0281486
329.0267234
329.024936
329.0232679
329.0217126